378
379
380
381
382
383
384
472
473
474
475
476
477
478
479
480
769
770
771
772
773
774
775
1635
2020
2021
2022
2023
2024
2025
2026
2027
2047
2048
2049
2050
2051
2052
2053
2087
2088
2089
2090
2091
2092
2093
2094
2095
2477
2478
2479
2480
2481
2482
2483
2484
2851
2852
2853
2854
2855
2856
2857
2858
3478
3479
3480
3481
3482
3483
3630
3631
3632
3633
3634
3635
3636
3637
3638
3639
3640
3641
3642
3643
3644
3645
3646
3647
3648
3649
3650
3654
3655
3656
3657
3658
3659
3660
3661
3662
3663
3664
3665
3666
3667
3668
3669
3670
3671
3672
3673
3674
3675
3676
3677
3678
3679
3716
3717
3718
3719
3720
3721
3722
3864
3865
3866
3867
3868
3869
3870
3871
3872
4014
4015
4016
4017
4018
4019
4020
4021
4308
4309
4310
4311
4312
4313
4314
4949
4950
4951
4952
4953
4954
4955
5653
5654
5655
5656
5657
5658
5659
6075
6076
6077
6078
6079
6080
6081
6488
6489
6490
6491
6492
6493
6494
6968
6969
6970
6971
6972
6973
6974
6975
6976
6977
7713
7714
7715
7716
7717
7718
8120
8121
8122
8123
8124
8125
8126
8127
8128
8129
8130
8432
8433
8434
8435
8436
8437
8438
8439
9366
9367
9368
9369
9370
9371
9372
9373
9374
9375
9376
9377
9378
9379
9403
9404
9405
9406
9407
9408
9409
9410
9411
9412
9413
9414
9704
9705
9706
9707
9708
9709
9710
9711
9712
9713
9714
9885
9886
9887
9888
9889
9890
9891
9892
10519
10520
10521
10522
10523
10524
10525
10740
10741
10742
10743
10744
10745
10746
11883
11884
11885
11886
11887
11888
11889
11890
12775
12776
12777
12778
12779
12780
12781
12782
13147
13148
13149
13150
13151
13152
13153
13154
13155
13944
13945
13946
13947
13948
13949
14547
14548
14549
14550
14551
14552
14553
14554
