50
100
150
200
250
300
350
450
472
500
600
650
700
750
800
900
950
988
1050
1100
1200
1250
1300
1350
1450
1500
1600
1700
1800
1900
2000
2100
2200
2300
2319
2400
2418
2500
2700
2800
2900
3000
3100
3200
3224
3300
3325
3348
3379
3427
3443
3500
3600
3614
3646
3664
3700
3749
3900
4000
4100
4200
4300
4400
4500
4600
4618
4700
4757
4800
4900
5000
5100
5200
5300
5486
5500
5600
5700
5800
5900
6000
6100
6200
6300
6400
6500
6600
6700
6800
6900
6967
7000
7100
7200
7300
7400
7600
7700
7800
7900
8000
8100
8304
8346
8400
8500
8600
8700
8800
8900
8929
9000
9100
9175
9200
9288
9376
9400
9500
9514
9600
9900
