80
124
200
400
600
800
900
970
992
1100
1200
1300
1400
1500
1532
1684
1734
1760
2159
2200
2282
2300
2500
2692
2900
2927
3078
3208
3357
3453
3514
3536
3696
3730
3853
3863
3900
4153
4400
4600
4876
5100
5300
5411
5500
5548
5743
6006
6200
6408
6600
7100
7231
7400
7900
8000
8099
8240
8300
8621
8665
8700
8727
8798
8900
9100
9440
9500
9528
9557
9582
9689
9752
9803
9988
10022
10127
10822
11120
11343
11636
11681
11778
11823
11999
12044
12053
12125
12146
12181
12200
12689
12919
13299
14969
15115
15232
15282
15403
15487
# 10300
# 12000
