7
41
50
100
150
220
300
450
500
550
600
650
755
800
850
900
950
996
1100
1200
1250
1350
1400
1500
1600
1613
1700
1800
1900
2000
2120
2200
2300
2350
2400
2500
2600
2650
2800
2850
2900
3000
3100
3200
3303
3350
3400
3461
3500
3600
3616
3750
3800
3900
4000
4100
4200
4300
4400
4500
4550
4600
4700
4750
4800
4900
5000
5100
5150
5200
5300
5400
5500
5600
5614
5700
5800
5900
6018
6121
6171
6198
6300
6400
6500
6600
6700
6800
6900
7000
7100
7200
7300
7400
7500
7600
7700
7800
7900
8000
8100
8200
8300
8326
8400
8437
8500
8600
8700
8800
8900
9000
9100
9200
9300
9500
9600
9700
9800
9900
10000
10100
10185
10200
10300
10400
10500
10600
10700
10800
10900
11000
11100
