66
100
200
300
400
500
544
600
700
800
1000
1100
1200
1300
1400
1475
1500
1600
1700
1800
1900
2000
2063
2100
2150
2223
2250
2300
2400
2450
2550
2600
2800
2827
3000
3100
3200
3250
3300
3400
3500
3600
3700
3797
3912
3950
4050
4100
4200
4300
4450
4500
4550
4600
4650
4700
4750
4800
4900
5000
5100
5200
5250
5400
5450
5500
5600
5650
5700
5800
5850
5950
6000
6100
6200
6250
6300
6350
6400
6500
6700
6750
6800
6850
6900
7000
7050
7100
7150
7200
7250
7300
7350
7400
7500
7600
7650
7702
7800
7971
8000
8050
8150
8250
8300
8350
8400
8584
8600
8750
8800
8900
9000
9168
